{
  "domain_independence_by_language": {
    "English": {
      "chi2_statistic": 5136.94,
      "p_value": "< 0.001",
      "degrees_of_freedom": 9,
      "domains_tested": 10,
      "min_expected_frequency": 8398.9,
      "interpretation": "도메인 간 유의미한 차이"
    },
    "Korean": {
      "chi2_statistic": 1236.53,
      "p_value": "< 0.001",
      "degrees_of_freedom": 9,
      "domains_tested": 10,
      "min_expected_frequency": 13888.8,
      "interpretation": "도메인 간 유의미한 차이"
    }
  },
  "language_independence": {
    "chi2_statistic": 16606.56,
    "p_value": "< 0.001",
    "degrees_of_freedom": 1,
    "languages_tested": 2,
    "min_expected_frequency": 111438.5,
    "interpretation": "언어 간 유의미한 차이"
  },
  "pairwise_domain_tests": {
    "scenario_1": {
      "p_matrix": [
        [
          1.0,
          0.0,
          0.0,
          0.0,
          0.0,
          0.0,
          0.0,
          0.0,
          0.0,
          0.0
        ],
        [
          0.0,
          1.0,
          0.0,
          0.0,
          0.0,
          0.0,
          0.0,
          0.0,
          0.0,
          0.0
        ],
        [
          0.0,
          0.0,
          1.0,
          0.0,
          0.0,
          0.0,
          0.0,
          0.0,
          0.0,
          0.0
        ],
        [
          0.0,
          0.0,
          0.0,
          1.0,
          0.0,
          0.0,
          1.914630575806578e-271,
          5.1133059752712056e-301,
          0.0,
          0.0
        ],
        [
          0.0,
          0.0,
          0.0,
          0.0,
          1.0,
          0.0,
          0.0,
          0.0,
          0.0,
          0.0
        ],
        [
          0.0,
          0.0,
          0.0,
          0.0,
          0.0,
          1.0,
          8.149940842406704e-296,
          0.0,
          0.0,
          0.0
        ],
        [
          0.0,
          0.0,
          0.0,
          1.914630575806578e-271,
          0.0,
          8.149940842406704e-296,
          1.0,
          1.9364103977696003e-205,
          4.609605931876656e-211,
          1.500782269687943e-216
        ],
        [
          0.0,
          0.0,
          0.0,
          5.1133059752712056e-301,
          0.0,
          0.0,
          1.9364103977696003e-205,
          1.0,
          3.265296516404465e-246,
          1.6573388529710237e-267
        ],
        [
          0.0,
          0.0,
          0.0,
          0.0,
          0.0,
          0.0,
          4.609605931876656e-211,
          3.265296516404465e-246,
          1.0,
          4.162040178062763e-270
        ],
        [
          0.0,
          0.0,
          0.0,
          0.0,
          0.0,
          0.0,
          1.500782269687943e-216,
          1.6573388529710237e-267,
          4.162040178062763e-270,
          1.0
        ]
      ],
      "domains": [
        "computer science",
        "economics",
        "engineering",
        "environmental science",
        "finance",
        "history",
        "law",
        "mathematics",
        "philosophy",
        "sociology"
      ],
      "bonferroni_alpha": 0.0011
    },
    "scenario_2": {
      "p_matrix": [
        [
          1.0,
          3.409299243070002e-82,
          1.0572693071808071e-188,
          6.187410170331352e-140,
          7.813859758047936e-127,
          0.0,
          0.0,
          3.3176449211426764e-304,
          0.0,
          0.0
        ],
        [
          3.409299243070002e-82,
          1.0,
          5.612395692734506e-159,
          4.9580264575764405e-18,
          2.7260156184234587e-183,
          3.208801022958897e-255,
          0.0,
          1.285627951825167e-190,
          3.4918138198816014e-295,
          6.294590296531492e-216
        ],
        [
          1.0572693071808071e-188,
          5.612395692734506e-159,
          1.0,
          2.640796709007345e-210,
          1.1201588673127613e-236,
          0.0,
          0.0,
          0.0,
          0.0,
          0.0
        ],
        [
          6.187410170331352e-140,
          4.9580264575764405e-18,
          2.640796709007345e-210,
          1.0,
          2.855592579919189e-282,
          8.653122562446912e-176,
          1.2820814900479482e-269,
          2.5979856977739585e-192,
          3.891782864017985e-196,
          1.1649454578474898e-132
        ],
        [
          7.813859758047936e-127,
          2.7260156184234587e-183,
          1.1201588673127613e-236,
          2.855592579919189e-282,
          1.0,
          0.0,
          0.0,
          0.0,
          0.0,
          0.0
        ],
        [
          0.0,
          3.208801022958897e-255,
          0.0,
          8.653122562446912e-176,
          0.0,
          1.0,
          1.8592833086764818e-96,
          0.0,
          2.2329262714249375e-76,
          9.732814607572781e-64
        ],
        [
          0.0,
          0.0,
          0.0,
          1.2820814900479482e-269,
          0.0,
          1.8592833086764818e-96,
          1.0,
          0.0,
          5.608464899059924e-13,
          7.963466231148104e-30
        ],
        [
          3.3176449211426764e-304,
          1.285627951825167e-190,
          0.0,
          2.5979856977739585e-192,
          0.0,
          0.0,
          0.0,
          1.0,
          0.0,
          0.0
        ],
        [
          0.0,
          3.4918138198816014e-295,
          0.0,
          3.891782864017985e-196,
          0.0,
          2.2329262714249375e-76,
          5.608464899059924e-13,
          0.0,
          1.0,
          4.04036063987824e-14
        ],
        [
          0.0,
          6.294590296531492e-216,
          0.0,
          1.1649454578474898e-132,
          0.0,
          9.732814607572781e-64,
          7.963466231148104e-30,
          0.0,
          4.04036063987824e-14,
          1.0
        ]
      ],
      "domains": [
        "computer science",
        "economics",
        "engineering",
        "environmental science",
        "finance",
        "history",
        "law",
        "mathematics",
        "philosophy",
        "sociology"
      ],
      "bonferroni_alpha": 0.0011
    },
    "scenario_3": {
      "p_matrix": [
        [
          1.0,
          2.2192967088663848e-07,
          2.553667336443227e-08,
          2.509015308772028e-06,
          2.648113856355382e-10,
          1.1156514159863742e-09,
          9.96870357729612e-13,
          3.441136555540827e-09,
          3.419636097608985e-15,
          4.188679115469205e-12
        ],
        [
          2.2192967088663848e-07,
          1.0,
          3.500368091464018e-05,
          1.0992664242753505e-10,
          7.951725020274613e-05,
          6.78748405227717e-17,
          1.6676220349398684e-21,
          1.4383316607026877e-09,
          1.1192866708631185e-24,
          4.418531708356444e-20
        ],
        [
          2.553667336443227e-08,
          3.500368091464018e-05,
          1.0,
          2.4921973426218654e-10,
          1.079658265041732e-07,
          1.1194688140500622e-15,
          7.939634514656994e-20,
          1.6677219825166613e-10,
          8.513230808801451e-23,
          1.2079818855875426e-18
        ],
        [
          2.509015308772028e-06,
          1.0992664242753505e-10,
          2.4921973426218654e-10,
          1.0,
          4.6577173333609964e-14,
          0.008350224345115856,
          0.00027415628126001306,
          2.294097581158877e-08,
          5.032179489235511e-06,
          0.00018710517071656298
        ],
        [
          2.648113856355382e-10,
          7.951725020274613e-05,
          1.079658265041732e-07,
          4.6577173333609964e-14,
          1.0,
          1.2650166378253595e-20,
          1.9771318533654544e-25,
          1.4555503086421568e-12,
          1.0459655514448982e-28,
          6.308382879152726e-24
        ],
        [
          1.1156514159863742e-09,
          6.78748405227717e-17,
          1.1194688140500622e-15,
          0.008350224345115856,
          1.2650166378253595e-20,
          1.0,
          0.05561219935544231,
          9.900106751207121e-12,
          0.003627385164859501,
          0.010006428756980155
        ],
        [
          9.96870357729612e-13,
          1.6676220349398684e-21,
          7.939634514656994e-20,
          0.00027415628126001306,
          1.9771318533654544e-25,
          0.05561219935544231,
          1.0,
          8.563556582267657e-15,
          0.012362815425640486,
          0.008000913025938082
        ],
        [
          3.441136555540827e-09,
          1.4383316607026877e-09,
          1.6677219825166613e-10,
          2.294097581158877e-08,
          1.4555503086421568e-12,
          9.900106751207121e-12,
          8.563556582267657e-15,
          1.0,
          2.8287544979512387e-17,
          3.547529321835511e-14
        ],
        [
          3.419636097608985e-15,
          1.1192866708631185e-24,
          8.513230808801451e-23,
          5.032179489235511e-06,
          1.0459655514448982e-28,
          0.003627385164859501,
          0.012362815425640486,
          2.8287544979512387e-17,
          1.0,
          0.0006464823471798593
        ],
        [
          4.188679115469205e-12,
          4.418531708356444e-20,
          1.2079818855875426e-18,
          0.00018710517071656298,
          6.308382879152726e-24,
          0.010006428756980155,
          0.008000913025938082,
          3.547529321835511e-14,
          0.0006464823471798593,
          1.0
        ]
      ],
      "domains": [
        "computer science",
        "economics",
        "engineering",
        "environmental science",
        "finance",
        "history",
        "law",
        "mathematics",
        "philosophy",
        "sociology"
      ],
      "bonferroni_alpha": 0.0011
    },
    "scenario_4": {
      "p_matrix": [
        [
          1.0,
          6.2982356457557274e-27,
          4.844353464923595e-151,
          2.0203009207911095e-85,
          5.563705103910708e-98,
          5.229744659156041e-238,
          0.0,
          3.573364592311979e-76,
          0.0,
          0.0
        ],
        [
          6.2982356457557274e-27,
          1.0,
          1.6723046270866004e-134,
          1.909817294204102e-40,
          2.359249361710232e-144,
          1.9184073418718373e-167,
          0.0,
          5.32524076178183e-54,
          1.118758653951004e-291,
          1.7916684302056232e-208
        ],
        [
          4.844353464923595e-151,
          1.6723046270866004e-134,
          1.0,
          6.890617404757247e-184,
          4.910895521928333e-249,
          0.0,
          0.0,
          5.008464281618909e-187,
          0.0,
          0.0
        ],
        [
          2.0203009207911095e-85,
          1.909817294204102e-40,
          6.890617404757247e-184,
          1.0,
          1.4204734390102025e-240,
          3.274204548845645e-176,
          0.0,
          1.4537694770438813e-98,
          9.97568031618299e-267,
          1.7014881430901237e-177
        ],
        [
          5.563705103910708e-98,
          2.359249361710232e-144,
          4.910895521928333e-249,
          1.4204734390102025e-240,
          1.0,
          0.0,
          0.0,
          1.4495360046331297e-184,
          0.0,
          0.0
        ],
        [
          5.229744659156041e-238,
          1.9184073418718373e-167,
          0.0,
          3.274204548845645e-176,
          0.0,
          1.0,
          0.0,
          1.4207060193006117e-231,
          1.251488953898751e-301,
          2.1300582958354036e-203
        ],
        [
          0.0,
          0.0,
          0.0,
          0.0,
          0.0,
          0.0,
          1.0,
          0.0,
          5.661502228806454e-253,
          5.124568759066977e-125
        ],
        [
          3.573364592311979e-76,
          5.32524076178183e-54,
          5.008464281618909e-187,
          1.4537694770438813e-98,
          1.4495360046331297e-184,
          1.4207060193006117e-231,
          0.0,
          1.0,
          0.0,
          8.077865417869489e-285
        ],
        [
          0.0,
          1.118758653951004e-291,
          0.0,
          9.97568031618299e-267,
          0.0,
          1.251488953898751e-301,
          5.661502228806454e-253,
          0.0,
          1.0,
          1.1721932267462562e-135
        ],
        [
          0.0,
          1.7916684302056232e-208,
          0.0,
          1.7014881430901237e-177,
          0.0,
          2.1300582958354036e-203,
          5.124568759066977e-125,
          8.077865417869489e-285,
          1.1721932267462562e-135,
          1.0
        ]
      ],
      "domains": [
        "computer science",
        "economics",
        "engineering",
        "environmental science",
        "finance",
        "history",
        "law",
        "mathematics",
        "philosophy",
        "sociology"
      ],
      "bonferroni_alpha": 0.0011
    },
    "scenario_5": {
      "p_matrix": [
        [
          1.0,
          1.98444750868971e-133,
          3.626043204482161e-183,
          6.386068068938377e-284,
          1.1067770433637622e-90,
          3.464257422569009e-113,
          1.414519721329511e-163,
          1.5977740893686287e-62,
          1.4640215520018685e-271,
          2.473049906935933e-81
        ],
        [
          1.98444750868971e-133,
          1.0,
          1.5965156839641737e-74,
          6.32258678381196e-72,
          6.122783259010234e-151,
          1.093549500449511e-85,
          2.15897645927913e-46,
          2.3630248564898452e-76,
          5.448673107526944e-73,
          5.503667303425509e-29
        ],
        [
          3.626043204482161e-183,
          1.5965156839641737e-74,
          1.0,
          2.2311955715010594e-119,
          8.355185754384195e-201,
          4.1929790573748287e-134,
          6.604765848059429e-94,
          5.453308188238969e-125,
          1.814523879321386e-120,
          1.2175120228995512e-76
        ],
        [
          6.386068068938377e-284,
          6.32258678381196e-72,
          2.2311955715010594e-119,
          1.0,
          7.2531139865940464e-298,
          1.259803228057686e-180,
          6.605148576251918e-85,
          4.197469730511675e-195,
          6.701651507777069e-59,
          3.5286179245622716e-107
        ],
        [
          1.1067770433637622e-90,
          6.122783259010234e-151,
          8.355185754384195e-201,
          7.2531139865940464e-298,
          1.0,
          5.710807594159089e-134,
          8.949163263120598e-181,
          7.261302930986298e-85,
          5.712339609274122e-286,
          7.556273766751417e-101
        ],
        [
          3.464257422569009e-113,
          1.093549500449511e-85,
          4.1929790573748287e-134,
          1.259803228057686e-180,
          5.710807594159089e-134,
          1.0,
          5.1774113921302204e-110,
          6.4323420125102874e-80,
          3.253002957131311e-175,
          1.4878026633815507e-62
        ],
        [
          1.414519721329511e-163,
          2.15897645927913e-46,
          6.604765848059429e-94,
          6.605148576251918e-85,
          8.949163263120598e-181,
          5.1774113921302204e-110,
          1.0,
          4.806894818652493e-103,
          8.164364347635167e-87,
          1.8483232526223707e-51
        ],
        [
          1.5977740893686287e-62,
          2.3630248564898452e-76,
          5.453308188238969e-125,
          4.197469730511675e-195,
          7.261302930986298e-85,
          6.4323420125102874e-80,
          4.806894818652493e-103,
          1.0,
          1.1942670342205237e-186,
          7.995805883729735e-41
        ],
        [
          1.4640215520018685e-271,
          5.448673107526944e-73,
          1.814523879321386e-120,
          6.701651507777069e-59,
          5.712339609274122e-286,
          3.253002957131311e-175,
          8.164364347635167e-87,
          1.1942670342205237e-186,
          1.0,
          7.190273017507253e-104
        ],
        [
          2.473049906935933e-81,
          5.503667303425509e-29,
          1.2175120228995512e-76,
          3.5286179245622716e-107,
          7.556273766751417e-101,
          1.4878026633815507e-62,
          1.8483232526223707e-51,
          7.995805883729735e-41,
          7.190273017507253e-104,
          1.0
        ]
      ],
      "domains": [
        "computer science",
        "economics",
        "engineering",
        "environmental science",
        "finance",
        "history",
        "law",
        "mathematics",
        "philosophy",
        "sociology"
      ],
      "bonferroni_alpha": 0.0011
    },
    "scenario_6": {
      "p_matrix": [
        [
          1.0,
          0.0,
          0.0,
          0.0,
          0.0,
          0.0,
          0.0,
          0.0,
          0.0,
          0.0
        ],
        [
          0.0,
          1.0,
          0.0,
          0.0,
          0.0,
          0.0,
          0.0,
          0.0,
          0.0,
          0.0
        ],
        [
          0.0,
          0.0,
          1.0,
          0.0,
          0.0,
          0.0,
          0.0,
          0.0,
          0.0,
          0.0
        ],
        [
          0.0,
          0.0,
          0.0,
          1.0,
          0.0,
          0.0,
          0.0,
          0.0,
          0.0,
          0.0
        ],
        [
          0.0,
          0.0,
          0.0,
          0.0,
          1.0,
          0.0,
          0.0,
          0.0,
          0.0,
          0.0
        ],
        [
          0.0,
          0.0,
          0.0,
          0.0,
          0.0,
          1.0,
          1.0566578113477243e-182,
          0.0,
          9.040567501068238e-259,
          2.2950173243371955e-268
        ],
        [
          0.0,
          0.0,
          0.0,
          0.0,
          0.0,
          1.0566578113477243e-182,
          1.0,
          2.1734245908924768e-261,
          1.7787804059992828e-175,
          7.275639549133678e-184
        ],
        [
          0.0,
          0.0,
          0.0,
          0.0,
          0.0,
          0.0,
          2.1734245908924768e-261,
          1.0,
          0.0,
          0.0
        ],
        [
          0.0,
          0.0,
          0.0,
          0.0,
          0.0,
          9.040567501068238e-259,
          1.7787804059992828e-175,
          0.0,
          1.0,
          8.865761118370564e-230
        ],
        [
          0.0,
          0.0,
          0.0,
          0.0,
          0.0,
          2.2950173243371955e-268,
          7.275639549133678e-184,
          0.0,
          8.865761118370564e-230,
          1.0
        ]
      ],
      "domains": [
        "computer science",
        "economics",
        "engineering",
        "environmental science",
        "finance",
        "history",
        "law",
        "mathematics",
        "philosophy",
        "sociology"
      ],
      "bonferroni_alpha": 0.0011
    }
  },
  "language_by_scenario_tests": {
    "p_values": [
      0.0,
      1.0907022214754929e-219,
      3.445159731403568e-15,
      0.0,
      3.2434390046704935e-251,
      0.0
    ],
    "chi2_values": [
      9411.315536406008,
      1000.9963004415206,
      61.99393958432616,
      2219.4270854472343,
      1146.0470503105018,
      7971.943607996374
    ],
    "scenarios": [
      1,
      2,
      3,
      4,
      5,
      6
    ],
    "bonferroni_alpha": 0.0083
  },
  "scenario_consistency_by_language": {
    "English": {
      "scenario_1": {
        "chi2_statistic": 1278.46,
        "p_value": "< 0.001",
        "degrees_of_freedom": 9,
        "min_expected_frequency": 1550.1,
        "interpretation": "도메인 간 유의미한 차이"
      },
      "scenario_2": {
        "chi2_statistic": 7071.27,
        "p_value": "< 0.001",
        "degrees_of_freedom": 9,
        "min_expected_frequency": 1682.8,
        "interpretation": "도메인 간 유의미한 차이"
      },
      "scenario_3": {
        "chi2_statistic": 126.79,
        "p_value": "< 0.001",
        "degrees_of_freedom": 9,
        "min_expected_frequency": 132.2,
        "interpretation": "도메인 간 유의미한 차이"
      },
      "scenario_4": {
        "chi2_statistic": 3004.98,
        "p_value": "< 0.001",
        "degrees_of_freedom": 9,
        "min_expected_frequency": 2515.3,
        "interpretation": "도메인 간 유의미한 차이"
      },
      "scenario_5": {
        "chi2_statistic": 1476.7,
        "p_value": "< 0.001",
        "degrees_of_freedom": 9,
        "min_expected_frequency": 1441.1,
        "interpretation": "도메인 간 유의미한 차이"
      },
      "scenario_6": {
        "chi2_statistic": 1168.3,
        "p_value": "< 0.001",
        "degrees_of_freedom": 9,
        "min_expected_frequency": 1077.4,
        "interpretation": "도메인 간 유의미한 차이"
      }
    },
    "Korean": {
      "scenario_1": {
        "chi2_statistic": 3024.25,
        "p_value": "< 0.001",
        "degrees_of_freedom": 9,
        "min_expected_frequency": 3425.8,
        "interpretation": "도메인 간 유의미한 차이"
      },
      "scenario_2": {
        "chi2_statistic": 4217.7,
        "p_value": "< 0.001",
        "degrees_of_freedom": 9,
        "min_expected_frequency": 2245.0,
        "interpretation": "도메인 간 유의미한 차이"
      },
      "scenario_3": {
        "chi2_statistic": 235.78,
        "p_value": "< 0.001",
        "degrees_of_freedom": 9,
        "min_expected_frequency": 94.8,
        "interpretation": "도메인 간 유의미한 차이"
      },
      "scenario_4": {
        "chi2_statistic": 4101.51,
        "p_value": "< 0.001",
        "degrees_of_freedom": 9,
        "min_expected_frequency": 3480.7,
        "interpretation": "도메인 간 유의미한 차이"
      },
      "scenario_5": {
        "chi2_statistic": 1326.37,
        "p_value": "< 0.001",
        "degrees_of_freedom": 9,
        "min_expected_frequency": 2013.5,
        "interpretation": "도메인 간 유의미한 차이"
      },
      "scenario_6": {
        "chi2_statistic": 2419.34,
        "p_value": "< 0.001",
        "degrees_of_freedom": 9,
        "min_expected_frequency": 2629.0,
        "interpretation": "도메인 간 유의미한 차이"
      }
    }
  },
  "summary_stats": {
    "total_records": 1200000,
    "languages": [
      "English",
      "Korean"
    ],
    "domains": [
      "computer science",
      "economics",
      "engineering",
      "environmental science",
      "finance",
      "history",
      "law",
      "mathematics",
      "philosophy",
      "sociology"
    ],
    "scenarios": [
      1,
      2,
      3,
      4,
      5,
      6
    ]
  }
}